{"keyframes": [{"matrix": "[0.718568462560379,0.695456227676202,5.551115123125783e-17,0,-0.4077930871819369,0.4213453558079371,0.8100449920749514,0,0.5633508344364446,-0.5820727845600323,0.5863677266138476,0,1.6535761126465838,-1.708529735884747,1.7211364689385718,1]", "fov": 50, "aspect": 1, "properties": "[[\"FOV\",50],[\"NAME\",\"Camera 0\"],[\"TIME\",0]]"}, {"matrix": "[-0.10783888070357706,0.9941683840319001,0,0,-0.6196018030599153,-0.06720910259982225,0.7820335940179476,0,0.7774730744234822,0.08433362745149114,0.6232362776887844,0,1.5666442082413587,0.16993616030347292,1.255849928347752,1]", "fov": 50, "aspect": 1, "properties": "[[\"FOV\",50],[\"NAME\",\"Camera 1\"],[\"TIME\",0.25]]"}, {"matrix": "[-0.9974931680367158,0.07076284137933511,-6.93889390390723e-18,0,-0.026876119114421906,-0.3788534303797162,0.9250663503289205,0,0.06546032341368582,0.9227473644337569,0.37980553904482617,0,0.13190557965200672,1.8593786225099649,0.7653257296965401,1]", "fov": 50, "aspect": 1, "properties": "[[\"FOV\",50],[\"NAME\",\"Camera 2\"],[\"TIME\",0.5]]"}, {"matrix": "[-0.15643446504022582,-0.9876883405951384,1.1102230246251563e-16,0,0.5369842130991483,-0.08504994405481735,0.8392940258923334,0,-0.8289609237050121,0.13129451195192454,0.5436777888616006,0,-1.6703946061976152,0.26456451482372473,1.0955358932540387,1]", "fov": 50, "aspect": 1, "properties": "[[\"FOV\",50],[\"NAME\",\"Camera 3\"],[\"TIME\",0.75]]"}, {"matrix": "[0.5759705683276491,-0.817470430303338,4.996003610813204e-16,0,-0.26453203191879976,-0.1863830899774581,0.9461945613135625,0,-0.7734860751876762,-0.5449802192283034,-0.3235982882226575,0,-1.5586102203560903,-1.0981603506889726,-0.6520655193323205,1]", "fov": 50, "aspect": 1, "properties": "[[\"FOV\",50],[\"NAME\",\"Camera 4\"],[\"TIME\",1]]"}], "camera_type": "perspective", "render_height": 1080, "render_width": 1920, "camera_path": [{"camera_to_world": [0.718568462560379, -0.407793087181937, 0.5633508344364446, 1.6535761126465838, 0.695456227676202, 0.4213453558079371, -0.5820727845600322, -1.708529735884747, 2.7755575615628914e-17, 0.8100449920749514, 0.5863677266138476, 1.7211364689385718, 0, 0, 0, 1], "fov": 50, "aspect": 1}, {"camera_to_world": [0.6944534264335888, -0.42805819460409833, 0.5783602861080004, 1.6510751722813284, 0.719535670835228, 0.41124609973501874, -0.5595936595856261, -1.6301030774866565, 0.0016902397305788024, 0.8047625907589235, 0.5935944032794096, 1.701770524616189, 0, 0, 0, 1], "fov": 50, "aspect": 1}, {"camera_to_world": [0.667860918566653, -0.44865357083873714, 0.5938617404960155, 1.650621681366873, 0.7442769975180729, 0.39863441496061175, -0.5358566545023897, -1.5513892741150694, 0.0036802740100768403, 0.7998753506532508, 0.6001548791774918, 1.6824429187500614, 0, 0, 0, 1], "fov": 50, "aspect": 1}, {"camera_to_world": [0.6389169705089961, -0.4691867449798786, 0.6096301363374296, 1.651923147124533, 0.7692529711028218, 0.3835765370881987, -0.5109979517032402, -1.472429346480485, 0.0059136490501107974, 0.7954450568899226, 0.605996856612557, 1.6631481744178667, 0, 0, 0, 1], "fov": 50, "aspect": 1}, {"camera_to_world": [0.6078080475179081, -0.48926924155699314, 0.6254478288704128, 1.6546870767756219, 0.7940402957196033, 0.3662138532556329, -0.4851674169368621, -1.3932643152934034, 0.00832983469186044, 0.7915194394011472, 0.6110872203737368, 1.6438808146972823, 0, 0, 0, 1], "fov": 50, "aspect": 1}, {"camera_to_world": [0.5747761836116887, -0.5085364205456269, 0.6411107920877823, 1.6586209775414538, 0.8182385352164816, 0.3467594627918269, -0.4585232539916709, -1.3139352012643237, 0.010864540467455608, 0.7881298014559308, 0.615413176506212, 1.6246353626659866, 0, 0, 0, 1], "fov": 50, "aspect": 1}, {"camera_to_world": [0.5401089776752532, -0.5266660583185091, 0.6564336640132326, 1.6634323566433429, 0.8414875967167847, 0.3254884581432178, -0.43122602911624053, -1.2344830251037455, 0.01345053182602288, 0.78528983606742, 0.618982194059572, 1.605406341401657, 0, 0, 0, 1], "fov": 50, "aspect": 1}, {"camera_to_world": [0.5041254010883585, -0.5433935303382131, 0.6712533435030884, 1.6688287213026038, 0.8634818919192785, 0.30272299142827935, -0.4034325380881138, -1.1549488075221679, 0.016018810973516484, 0.7829956970809528, 0.6218208231055852, 1.5861882739819722, 0, 0, 0, 1], "fov": 50, "aspect": 1}, {"camera_to_world": [0.4671589996744441, -0.558521985080554, 0.6854310039711148, 1.6745175787405506, 0.8839797620626433, 0.27881394327962594, -0.37528997494809013, -1.0753735692300914, 0.018499980725539208, 0.7812272250853417, 0.6239725743160606, 1.5669756834846094, 0, 0, 0, 1], "fov": 50, "aspect": 1}, {"camera_to_world": [0.42954039200063887, -0.571926716495072, 0.6988525471078311, 1.6802064361784972, 0.9028074800420545, 0.2541213961268234, -0.34693078561965307, -0.9957983309380145, 0.020825600112675285, 0.7799500926275474, 0.6254951217957077, 1.5477630929872466, 0, 0, 0, 1], "fov": 50, "aspect": 1}, {"camera_to_world": [0.39158091002426654, -0.5835538413271166, 0.7114276528059151, 1.6856028008377582, 0.9198579428598099, 0.2289960649096705, -0.31846847130227024, -0.9162641133564372, 0.02292936680953653, 0.779118551010212, 0.6264571235204061, 1.5285450255675614, 0, 0, 0, 1], "fov": 50, "aspect": 1}, {"camera_to_world": [0.3535588439310587, -0.5934141563207654, 0.723087673077233, 1.6904141799396473, 0.9350848516011963, 0.20376341039235585, -0.28999447044942994, -0.8368119371958589, 0.024748013740545756, 0.7786784391925786, 0.6269349441150232, 1.509316004303232, 0, 0, 0, 1], "fov": 50, "aspect": 1}, {"camera_to_world": [0.31570916990097214, -0.6015735416671122, 0.7337826612877455, 1.6943480807054792, 0.9484936128226356, 0.17871150199051078, -0.2615761179675246, -0.7574828231667792, 0.026221870167930907, 0.778570146500868, 0.6270095218595274, 1.4900705522719366, 0, 0, 0, 1], "fov": 50, "aspect": 1}, {"camera_to_world": [0.2782170148433173, -0.6081414422872923, 0.7434778267200746, 1.6971120103565682, 0.9601303403021987, 0.15408298743602852, -0.2332555735968021, -0.6783177919796975, 0.02729509631523385, 0.7787312881575523, 0.6267635587377599, 1.4708031925513523, 0, 0, 0, 1], "fov": 50, "aspect": 1}, {"camera_to_world": [0.24121457847635197, -0.6132588393368967, 0.7521496680220222, 1.6984134761142278, 0.970070226270242, 0.13007091620743572, -0.20504953757802014, -0.5993578643451133, 0.027915644976920978, 0.7790989364208635, 0.6262791422627788, 1.4515084482191574, 0, 0, 0, 1], "fov": 50, "aspect": 1}, {"camera_to_world": [0.2047808669849456, -0.6170868167800234, 0.7597819799608252, 1.6979599851997729, 0.9784062722708075, 0.10681773953682425, -0.17694953207450392, -0.5206440609735261, 0.028035029838342246, 0.7796113333428016, 0.6256358413849245, 1.4321808423530296, 0, 0, 0, 1], "fov": 50, "aspect": 1}, {"camera_to_world": [0.16894341013975034, -0.6197964398655518, 0.766361857936797, 1.6954590448345173, 0.9852390182342078, 0.0844165912583552, -0.14892251699865394, -0.4422174025754355, 0.02760799013413858, 0.7802090823941408, 0.6249092627177534, 1.4128148980306467, 0, 0, 0, 1], "fov": 50, "aspect": 1}, {"camera_to_world": [0.13368110685932294, -0.6215602814967552, 0.7718757530422502, 1.6906181622397756, 0.9906675626887367, 0.0629139098152768, -0.12091162139394802, -0.3641189098613408, 0.026592139914352428, 0.7808358703449975, 0.6241700102354693, 1.393405138329687, 0, 0, 0, 1], "fov": 50, "aspect": 1}, {"camera_to_world": [0.09892742264299778, -0.6225456116147502, 0.7763055625901635, 1.6831448446368618, 0.9947818746453327, 0.042312536673578496, -0.09283679829337493, -0.28638960354174187, 0.024947683786905026, 0.7814388080326338, 0.623482960772951, 1.3739460863278283, 0, 0, 0, 1], "fov": 50, "aspect": 1}, {"camera_to_world": [0.06457329417607165, -0.6229090219524276, 0.7796246789638721, 1.6727465992470898, 0.9976561749633165, 0.022574562001343647, -0.06459524524306769, -0.209070504327138, 0.022637275384088922, 0.7819685028955563, 0.6229067460242081, 1.3544322651027483, 0, 0, 0, 1], "fov": 50, "aspect": 1}, {"camera_to_world": [0.030469240310475283, -0.6227920856938418, 0.7817938624676052, 1.6591309332917743, 0.9993430050774629, 0.0036233379308019463, -0.036061470089077584, -0.13220263292802872, 0.01962609481401569, 0.7823789934675862, 0.6224933148098843, 1.3348581977321243, 0, 0, 0, 1], "fov": 50, "aspect": 1}, {"camera_to_world": [-0.0035736914514720285, -0.622317524330171, 0.7827567487035656, 1.6420053539922288, 0.9998674829515886, -0.014655786872264596, -0.0070869208553194915, -0.0558270100549135, 0.015882231123632514, 0.7826276936211253, 0.6222874319089321, 1.3152184072936353, 0, 0, 0, 1], "fov": 50, "aspect": 1}, {"camera_to_world": [-0.03778440843551772, -0.6215852395763115, 0.7824347438732749, 1.621077368569769, 0.9992211424104865, -0.03241635295447722, 0.022500858228369846, 0.02001534358170813, 0.011377479468688174, 0.7826755202521605, 0.6223259459149597, 1.2955074168649583, 0, 0, 0, 1], "fov": 50, "aspect": 1}, {"camera_to_world": [-0.07243386737442585, -0.6206674294264269, 0.7807209981205677, 1.5960544842457072, 0.9973546322756585, -0.049853558780400445, 0.05289952887517431, 0.09528340727133688, 0.0060887055660731465, 0.7824874214491379, 0.6226366219059148, 1.275719749523771, 0, 0, 0, 1], "fov": 50, "aspect": 1}, {"camera_to_world": [-0.10783888070357711, -0.6196018030599153, 0.7774730744234822, 1.5666442082413587, 0.9941683840319001, -0.06720910259982227, 0.08433362745149114, 0.16993616030347292, -1.3877787807814457e-17, 0.7820335940179478, 0.6232362776887843, 1.255849928347752, 0, 0, 0, 1], "fov": 50, "aspect": 1}, {"camera_to_world": [-0.14570201396092922, -0.6179177319795344, 0.7726244881137263, 1.5329573148955635, 0.9893015408556751, -0.0852329205447286, 0.11839683490703308, 0.24667838448409174, -0.007306462093000413, 0.7816092538862909, 0.6237255725485361, 1.2352115441585503, 0, 0, 0, 1], "fov": 50, "aspect": 1}, {"camera_to_world": [-0.18746056997705668, -0.6149218037527524, 0.765982839215957, 1.4954413916101117, 0.982140893024335, -0.10459165313692013, 0.15639645885840175, 0.3277944030396067, -0.01605618115364289, 0.7816212390688649, 0.6235466603897529, 1.2132442308447031, 0, 0, 0, 1], "fov": 50, "aspect": 1}, {"camera_to_world": [-0.23301381965033013, -0.6102438831648781, 0.7571703658436547, 1.4543091652007407, 0.9721274041423059, -0.12539974097479833, 0.19809900322564894, 0.4126125073901768, -0.02593973722892414, 0.7822258676516036, 0.6224546746624932, 1.1901315760842197, 0, 0, 0, 1], "fov": 50, "aspect": 1}, {"camera_to_world": [-0.2821524328766794, -0.6034628054826915, 0.7458033568044129, 1.40977336248319, 0.9586710098603715, -0.14768914430272698, 0.24318267106935088, 0.5004609889559598, -0.03660463734373993, 0.783594639500608, 0.620193148519754, 1.1660571675551108, 0, 0, 0, 1], "fov": 50, "aspect": 1}, {"camera_to_world": [-0.3345201741155126, -0.5941235115457831, 0.7315145290000977, 1.3620467102731986, 0.9411829505076021, -0.17137445641931412, 0.2912137520117987, 0.5906681391571136, -0.047654032185450376, 0.7859058777713093, 0.6165071325629378, 1.1412045929353856, 0, 0, 0, 1], "fov": 50, "aspect": 1}, {"camera_to_world": [-0.38958319145266973, -0.5817688296552049, 0.7139817685201533, 1.3113419353865048, 0.9191218538160479, -0.1962223652569228, 0.3416310893503843, 0.6825622494137971, -0.05865112765586063, 0.7893299767616784, 0.611161380496268, 1.1157574399030536, 0, 0, 0, 1], "fov": 50, "aspect": 1}, {"camera_to_world": [-0.4466144999554108, -0.5659860186693193, 0.6929612652237, 1.257871764638847, 0.8920517694485923, -0.2218332598206025, 0.3937431211602316, 0.7754716111461681, -0.0691312451299284, 0.7940087099699965, 0.6039627798453873, 1.0898992961361251, 0, 0, 0, 1], "fov": 50, "aspect": 1}, {"camera_to_world": [-0.5047018082318417, -0.546464098634991, 0.6683210857593497, 1.2018489248459643, 0.8597060962459914, -0.24764382627736717, 0.44674149503284744, 0.8687245157743845, -0.0786225975466835, 0.8000309520323273, 0.5947848038957116, 1.06381374931261, 0, 0, 0, 1], "fov": 50, "aspect": 1}, {"camera_to_world": [-0.5627846661243507, -0.5230529896248289, 0.6400695193647576, 1.1434861428235956, 0.8220467441666055, -0.2729576390877475, 0.4997332064899497, 0.9616492547186053, -0.08667508281153663, 0.8074092501997804, 0.5835903809277889, 1.0376843871105177, 0, 0, 0, 1], "fov": 50, "aspect": 1}, {"camera_to_world": [-0.6197214308320395, -0.4958114417463945, 0.6083718948150476, 1.0829961453874788, 0.7793048526273396, -0.2970052293861762, 0.5517896704259202, 1.053574119398988, -0.09289399786299753, 0.8160630539061466, 0.5704487682609218, 1.0116947972078578, 0, 0, 0, 1], "fov": 50, "aspect": 1}, {"camera_to_world": [-0.6743786694018546, -0.4650301204902349, 0.5735506928708408, 1.0205916593533533, 0.731990155995722, -0.31902679563421105, 0.6020069062666356, 1.1438274012356908, -0.09697330447676122, 0.8258140775648021, 0.5555423363836931, 0.986028567282641, 0, 0, 0, 1], "fov": 50, "aspect": 1}, {"camera_to_world": [-0.7257280304933623, -0.4312206303245836, 0.5360667810438308, 0.9564854115369574, 0.680861801663229, -0.33836255584222596, 0.6495675390902923, 1.231737391648873, -0.09872199750879887, 0.8363967651697283, 0.5391608465212281, 0.9608692850128762, 0, 0, 0, 1], "fov": 50, "aspect": 1}, {"camera_to_world": [-0.7729318163063398, -0.39507000274755844, 0.4964837361590277, 0.8908901287540298, 0.6268629071039478, -0.35453162050042203, 0.6937940802302454, 1.3166323820586912, -0.09807804565023878, 0.8474827567534273, 0.5216834998033202, 0.9364005380765733, 0, 0, 0, 1], "fov": 50, "aspect": 1}, {"camera_to_world": [-0.8154007337148609, -0.3573699387329838, 0.45542109124111757, 0.8240185378203098, 0.5710308721943963, -0.3672827214133639, 0.7341846808209093, 1.3978406638853045, -0.09510723662358209, 0.8587142303707193, 0.5035518683320014, 0.9128059141517426, 0, 0, 0, 1], "fov": 50, "aspect": 1}, {"camera_to_world": [-0.8528149955599008, -0.3189366398887611, 0.4135045381669145, 0.7560833655515351, 0.5144013432088388, -0.3766084490084879, 0.7704267221743828, 1.4746905285488712, -0.08998800727379697, 0.8697387515063866, 0.4852387687262871, 0.8902690009163932, 0, 0, 0, 1], "fov": 50, "aspect": 1}, {"camera_to_world": [-0.8851097735546933, -0.2805377698191438, 0.3713209507459289, 0.6872973387634447, 0.4579235022196151, -0.3827251070388577, 0.8023886580436049, 1.5465102674695488, -0.08298647403572246, 0.8802386336369225, 0.46721857088532154, 0.8689733860485355, 0, 0, 0, 1], "fov": 50, "aspect": 1}, {"camera_to_world": [-0.9124339693840662, -0.24283841778597126, 0.3293839011871152, 0.617873184271778, 0.40239883966350365, -0.38602847405116214, 0.8300946880080591, 1.6126281720674964, -0.0744273158961357, 0.8899502907853547, 0.4499433904165717, 0.8491026572261791, 0, 0, 0, 1], "fov": 50, "aspect": 1}, {"camera_to_world": [-0.9350949091982604, -0.2063707310590017, 0.28811218674965877, 0.5480236288922726, 0.34844777558254814, -0.38703908467937476, 0.8536889917423827, 1.6723725337628714, -0.06466574427833656, 0.8986722808080401, 0.4338276999272912, 0.8308404021273335, 0, 0, 0, 1], "fov": 50, "aspect": 1}, {"camera_to_world": [-0.953500836392686, -0.17152534442583411, 0.2478209257065415, 0.47796139944066784, 0.2965016384598999, -0.3863492698729945, 0.8733962560368568, 1.725071643975833, -0.05406415993098396, 0.9062633711500222, 0.41924189762326225, 0.8143702084300087, 0, 0, 0, 1], "fov": 50, "aspect": 1}, {"camera_to_world": [-0.9681096360568638, -0.13855877470890435, 0.20872277912344342, 0.40789922273270257, 0.24681343094850272, -0.3845801136959521, 0.889483707806409, 1.7700537941265382, -0.04297514255096016, 0.9126333338755361, 0.40651388047882075, 0.7998756638122146, 0, 0, 0, 1], "fov": 50, "aspect": 1}, {"camera_to_world": [-0.9793880825871818, -0.1076097905478003, 0.17093600166279327, 0.3380498255841149, 0.19947966992831692, -0.38235195564199786, 0.9022277114465224, 1.8066472756351457, -0.03173082052978868, 0.9177293255611907, 0.3959369142092059, 0.7875403559519609, 0, 0, 0, 1], "fov": 50, "aspect": 1}, {"camera_to_world": [-0.9877824600665117, -0.07871855589782893, 0.1344960986137173, 0.26862593481064373, 0.1544664907718059, -0.3802685665100511, 0.9118859142201039, 1.8341803799218144, -0.020637703689945337, 0.9215200520236937, 0.38778199920142603, 0.7775478725272572, 0, 0, 0, 1], "fov": 50, "aspect": 1}, {"camera_to_world": [-0.9936992043341004, -0.051843959528551774, 0.09936848175441737, 0.19984027722802816, 0.11163501644340201, -0.37891312731280236, 0.9186742975906712, 1.8519813984067008, -0.00997569092632007, 0.9239789206526487, 0.38231327439693824, 0.7700818012161138, 0, 0, 0, 1], "fov": 50, "aspect": 1}, {"camera_to_world": [-0.9974931680367155, -0.026876119114421903, 0.06546032341368582, 0.13190557965200672, 0.07076284137933508, -0.37885343037971614, 0.9227473644337569, 1.8593786225099649, -3.469446951953614e-18, 0.9250663503289205, 0.3798055390448262, 0.7653257296965401, 0, 0, 0, 1], "fov": 50, "aspect": 1}, {"camera_to_world": [-0.9995177695091089, -0.00180218490774866, 0.03099968653219483, 0.06225013638461048, 0.029346290987790905, -0.3811446391916075, 0.9240495437046433, 1.8555739285302455, 0.010150056196689789, 0.9245136646610788, 0.3810137270678662, 0.765109558438624, 0, 0, 0, 1], "fov": 50, "aspect": 1}, {"camera_to_world": [-0.9996561842755888, 0.02557831099525448, -0.005767429774209072, -0.011509476882947577, -0.015197125533129935, -0.3859545669281952, 0.9223926060213187, 1.840725729072313, 0.02136727907574289, 0.9221631212935698, 0.3862105864822973, 0.7707214463096443, 0, 0, 0, 1], "fov": 50, "aspect": 1}, {"camera_to_world": [-0.9974394721006722, 0.05564923556639048, -0.044918393519906244, -0.08887811125115384, -0.06321910613064778, -0.3924679790289852, 0.9175904478888968, 1.8155971200155219, 0.03343417586205269, 0.9180806326340735, 0.3949811487484497, 0.7815323685833957, 0, 0, 0, 1], "fov": 50, "aspect": 1}, {"camera_to_world": [-0.9922970230607677, 0.08870399177482227, -0.08647670130127921, -0.1693606178204971, -0.11498761019657551, -0.39978914236940033, 0.9093659830589771, 1.7809511972392271, 0.04609194643339346, 0.9123049070824685, 0.4069094358542568, 0.796913300533673, 0, 0, 0, 1], "fov": 50, "aspect": 1}, {"camera_to_world": [-0.983563250532046, 0.12491014423183398, -0.1303870701826623, -0.2524618476914662, -0.17064103794179136, -0.40692864645169735, 0.8973799155692853, 1.737551056622783, 0.059033620700277206, 0.9048792917096578, 0.4215548588998161, 0.8162352174342719, 0, 0, 0, 1], "fov": 50, "aspect": 1}, {"camera_to_world": [-0.9704998502505734, 0.16425916338530006, -0.17649070204284478, -0.33768665196454734, -0.2301316380402563, -0.4128085694635115, 0.8812652915838669, 1.6861597940455453, 0.07189902528215088, 0.8958839278731651, 0.43843188517947246, 0.8388690945589865, 0, 0, 0, 1], "fov": 50, "aspect": 1}, {"camera_to_world": [-0.952340809475652, 0.20650688111052007, -0.22450365400426234, -0.4245398817402294, -0.29316345265760796, -0.4162957319523503, 0.8606701189097523, 1.6275405053868675, 0.08427438895139182, 0.8854675440761576, 0.4569956846126747, 0.8641859071816124, 0, 0, 0, 1], "fov": 50, "aspect": 1}, {"camera_to_world": [-0.9283657248543951, 0.25111656741513244, -0.27400282933797393, -0.5125263881190012, -0.35913584686550176, -0.41627133258840016, 0.8353080995424841, 1.5624562865261038, 0.09570017978965598, 0.8738756474663422, 0.47663699851512653, 0.8915566305759448, 0, 0, 0, 1], "fov": 50, "aspect": 1}, {"camera_to_world": [-0.8980014323549333, 0.29722351279907033, -0.32442504670242234, -0.6011510222013489, -0.4271099359396713, -0.41173904009799767, 0.8050143262581042, 1.4916702333426106, 0.10569072859100717, 0.8614691789603156, 0.49668936327582225, 0.9203522400157781, 0, 0, 0, 1], "fov": 50, "aspect": 1}, {"camera_to_world": [-0.8609417010742152, 0.34364405641609747, -0.37508419033775164, -0.6899186350877616, -0.49581885916659263, -0.4019614321294324, 0.7697991075437762, 1.4159454417157418, 0.11376750962456364, 0.8487259684788406, 0.5164505631553509, 0.9499437107749078, 0, 0, 0, 1], "fov": 50, "aspect": 1}, {"camera_to_world": [-0.817261735010263, 0.3889480673297139, -0.42520895734743763, -0.7783340778787279, -0.5637393176511726, -0.3865986111506723, 0.7298900571939322, 1.3360450075248504, 0.11950413474940941, 0.8362182219832642, 0.5352175697797517, 0.979702018127129, 0, 0, 0, 1], "fov": 50, "aspect": 1}, {"camera_to_world": [-0.767494327361872, 0.43159841047190883, -0.47399922947771705, -0.8659022016747341, -0.6292277986103222, -0.36580980233435145, 0.6857518253509141, 1.252732026649294, 0.12257583335778599, 0.8245641276421285, 0.5523306658899357, 1.008998137346236, 0, 0, 0, 1], "fov": 50, "aspect": 1}, {"camera_to_world": [-0.7126357869870722, 0.4701364528367319, -0.5206937207412932, -0.9521278575762689, -0.690702521404907, -0.34027855022106096, 0.6380756500481405, 1.1667695949684258, 0.12280171835206743, 0.8143600088250579, 0.5672191058102956, 1.0372030437060247, 0, 0, 0, 1], "fov": 50, "aspect": 1}, {"camera_to_world": [-0.6540668141713039, 0.5033699199120011, -0.5646373405360176, -1.0365158966838217, -0.7468308821430363, -0.3111407862220805, 0.5877372241287425, 1.0789208083615995, 0.12016753337426583, 0.8061080168791843, 0.5794390641351802, 1.0636877124802897, 0, 0, 0, 1], "fov": 50, "aspect": 1}, {"camera_to_world": [-0.5934014886593798, 0.5305123374163584, -0.6053357193375127, -1.1185711700978782, -0.7966747830261526, -0.2798274658367794, 0.5357292968035245, 0.9899487627081716, 0.11482144114695966, 0.8001582651028472, 0.5886958360992011, 1.0878231189428258, 0, 0, 0, 1], "fov": 50, "aspect": 1}, {"camera_to_world": [-0.5323026417681661, 0.5512384996640707, -0.6424873648989028, -1.197798528918927, -0.8397591778274909, -0.2478637276887451, 0.48308187272007647, 0.9006165538874958, 0.10704401347636344, 0.7966804183512636, 0.5948461063119839, 1.108980238367428, 0, 0, 0, 1], "fov": 50, "aspect": 1}, {"camera_to_world": [-0.47231054539565254, 0.5656504968020755, -0.6759898402902417, -1.2737028242474575, -0.8760562813408778, -0.2166782980792215, 0.4307852215021831, 0.8116872777789262, 0.09720154644476772, 0.795669548624966, 0.5978811159082452, 1.1265300460278924, 0, 0, 0, 1], "fov": 50, "aspect": 1}, {"camera_to_world": [-0.4147209232581386, 0.5741773542572769, -0.7059227448312108, -1.3457889071839557, -0.9059044532932807, -0.18746564428160759, 0.3797285263414958, 0.7239240302618184, 0.08569525841795095, 0.7969799232554076, 0.5978957472774709, 1.1398435171980126, 0, 0, 0, 1], "fov": 50, "aspect": 1}, {"camera_to_world": [-0.3605263739199241, 0.5774450893601759, -0.7325147797020681, -1.413561628828911, -0.9298945284772826, -0.16111857373424043, 0.3306614146008824, 0.6380899072155273, 0.07291707355732016, 0.800373646474984, 0.5950505242516586, 1.1482916271515842, 0, 0, 0, 1], "fov": 50, "aspect": 1}, {"camera_to_world": [-0.31041480231378654, 0.5761509016531946, -0.7561036893367892, -1.476525840282811, -0.948754924596889, -0.13822503127233246, 0.28417940422014104, 0.554948004519406, 0.0592177638689983, 0.8055705923467997, 0.5895331010116241, 1.1512453511624023, 0, 0, 0, 1], "fov": 50, "aspect": 1}, {"camera_to_world": [-0.26480706796532694, 0.5709622275671348, -0.777096745230079, -1.5341863926461432, -0.9632560752073207, -0.11910913306389317, 0.24072961595316106, 0.4752614180528112, 0.044888198134869925, 0.8122900646396847, 0.581523774712489, 1.1480756645042618, 0, 0, 0, 1], "fov": 50, "aspect": 1}, {"camera_to_world": [-0.22391431021703018, 0.5624472184231868, -0.795936874486948, -1.586048137019396, -0.9741423352042485, -0.10389404725525415, 0.2006308493421108, 0.3997932436950964, 0.03015115989220541, 0.8202799238265818, 0.571167010710713, 1.138153542450958, 0, 0, 0, 1], "fov": 50, "aspect": 1}, {"camera_to_world": [-0.18779959259980258, 0.5510331290054811, -0.8130767514557141, -1.6316159245030575, -0.9820903672355124, -0.0925690387982043, 0.1641020525136522, 0.3293065773256154, 0.015159934121397631, 0.8293331440346546, 0.5585487557975845, 1.1208499602762851, 0, 0, 0, 1], "fov": 50, "aspect": 1}, {"camera_to_world": [-0.15643446504022565, 0.5369842130991483, -0.8289609237050122, -1.6703946061976152, -0.9876883405951387, -0.08504994405481718, 0.13129451195192454, 0.26456451482372473, 6.938893903907227e-17, 0.8392940258923336, 0.5436777888616006, 1.0955358932540387, 0, 0, 0, 1], "fov": 50, "aspect": 1}, {"camera_to_world": [-0.12819580361965843, 0.520777917210905, -0.8440119648913643, -1.7023598523613583, -0.991625881956274, -0.08071133178219769, 0.10081562952432552, 0.2033436578293517, -0.015618776160507036, 0.8498682497113396, 0.5267637154966467, 1.0624747494635516, 0, 0, 0, 1], "fov": 50, "aspect": 1}, {"camera_to_world": [-0.1010934905002982, 0.5028729634611125, -0.8584281500500229, -1.7280943544766283, -0.9943652688104265, -0.07874212681988053, 0.07097457042807706, 0.14287829967017837, -0.03190326569544778, 0.8607662052402617, 0.5079997259391439, 1.0226498961153045, 0, 0, 0, 1], "fov": 50, "aspect": 1}, {"camera_to_world": [-0.07455601088619872, 0.4833257671071949, -0.8722600553109026, -1.748013495479989, -0.9960279220386411, -0.0787916332354781, 0.04147598162156997, 0.08311807375719264, -0.04868038373024525, 0.8718876541059217, 0.48728034934475717, 0.9765122471798151, 0, 0, 0, 1], "fov": 50, "aspect": 1}, {"camera_to_world": [-0.04806663764276352, 0.4621419964924637, -0.8855023282994118, -1.7625326583080059, -0.9966777871364741, -0.08054717937944701, 0.012064017687160674, 0.02401261350138054, -0.06574942565878586, 0.8831403778403378, 0.4644782944913196, 0.9245127166276005, 0, 0, 0, 1], "fov": 50, "aspect": 1}, {"camera_to_world": [-0.02115859986196162, 0.4392913701273386, -0.8980954324477589, -1.7720672258972439, -0.9963357466181447, -0.0837231477635795, -0.017478974209667292, -0.0344884476862719, -0.08286973912560472, 0.8944347526008832, 0.4394531598214431, 0.8671022184291772, 0, 0, 0, 1], "fov": 50, "aspect": 1}, {"camera_to_world": [0.006583938865491551, 0.41471843042816986, -0.9099259723802869, -1.7770325811842675, -0.9949906761248217, -0.08805278504742858, -0.04733140046588208, -0.09243547639477684, -0.0997507201662516, 0.9056794855292831, 0.41206123733946093, 0.8047316665550639, 0, 0, 0, 1], "fov": 50, "aspect": 1}, {"camera_to_world": [0.03551886751937436, 0.38835101664568383, -0.9208267469618836, -1.7778441071056423, -0.992608669167781, -0.09328318285876938, -0.07762910336146019, -0.14987883921314823, -0.11604499102980712, 0.9167779096738757, 0.38216727278888074, 0.7378519749757773, 0, 0, 0, 1], "fov": 50, "aspect": 1}, {"camera_to_world": [0.06593321978503142, 0.36010787812988904, -0.930577845554883, -1.7749171865979325, -0.9891415414239855, -0.0991737225160611, -0.10846005620360638, -0.20686890273039998, -0.13134618973598314, 0.9276243252907377, 0.349658818808768, 0.666914057661834, 0, 0, 0, 1], "fov": 50, "aspect": 1}, {"camera_to_world": [0.09802514028424231, 0.32990679302243786, -0.9389103150939949, -1.7686672025977037, -0.9845354216305424, -0.10549810129579211, -0.13985762109285665, -0.2634560335355443, -0.145193234783942, 0.9381000258717794, 0.31446345738788467, 0.592368828583753, 0, 0, 0, 1], "fov": 50, "aspect": 1}, {"camera_to_world": [0.1318824709221101, 0.29767455865521164, -0.9455140776280931, -1.7595095380415198, -0.97873996812811, -0.11204969737055881, -0.17179330635316534, -0.3196905982175952, -0.15708306290642896, 0.9480689439321336, 0.27656859709544707, 0.5146672017120505, 0, 0, 0, 1], "fov": 50, "aspect": 1}, {"camera_to_world": [0.16746099403634843, 0.2633601150117153, -0.9500517171698466, -1.747859575865947, -0.9717184498915279, -0.11864944000867457, -0.20417043009709895, -0.3756229633655665, -0.16649345217384534, 0.9573733651019566, 0.2360427295567297, 0.43426009101724317, 0, 0, 0, 1], "fov": 50, "aspect": 1}, {"camera_to_world": [0.20456675543022582, 0.22695161378163986, -0.9521792938174298, -1.734132699007549, -0.963458539121994, -0.1251545882520874, -0.23682054900781718, -0.4313034955684704, -0.17291641323386184, 0.9658308827332867, 0.1930560022195023, 0.3515984104698502, 0, 0, 0, 1], "fov": 50, "aspect": 1}, {"camera_to_world": [0.24284792139946443, 0.1884972265116751, -0.9515743179959019, -1.718744290402892, -0.9539831483552381, -0.13146608629967685, -0.26950476954457336, -0.48678256141532095, -0.17590065300102561, 0.9732345368668603, 0.14789691181143913, 0.26713307404038783, 0, 0, 0, 1], "fov": 50, "aspect": 1}, {"camera_to_world": [0.28180165675750624, 0.14812783278080677, -0.9479693937065615, -1.7021097329885397, -0.9433600459138626, -0.13753179972198262, -0.3019218902938763, -0.542110527495132, -0.1750989720761365, 0.9793585396681309, 0.10098119011472659, 0.18131499569937257, 0, 0, 0, 1], "fov": 50, "aspect": 1}, {"camera_to_world": [0.3207999199788218, 0.10607773735903087, -0.941188039117779, -1.684644409701058, -0.9317084481635971, -0.14334332577063158, -0.3337245249866966, -0.5973377603969157, -0.17031376621448788, 0.9839716482672675, 0.05284899662277149, 0.09459508941732364, 0, 0, 0, 1], "fov": 50, "aspect": 1}, {"camera_to_world": [0.35913462930012013, 0.06269798195050114, -0.9311773628567224, -1.6667637034770109, -0.9192005786533196, -0.14892542124029107, -0.3645428851476936, -0.6525146267096861, -0.16153208424603444, 0.9868587446882845, 0.004147745338799857, 0.007424269164757247, 0, 0, 0, 1], "fov": 50, "aspect": 1}, {"camera_to_world": [0.3960779246842839, 0.018456651555241954, -0.9180313881295994, -1.6488829972529642, -0.9060565905280696, -0.15431919439249975, -0.39401401117561774, -0.7076914930224569, -0.14894204355533963, 0.9878486413694246, -0.044399655473224775, -0.07974655108780981, 0, 0, 0, 1], "fov": 50, "aspect": 1}, {"camera_to_world": [0.4309486814726222, -0.026077445903929342, -0.9019995569578381, -1.6314176739654822, -0.8925323948456184, -0.15956235978149116, -0.42181249091522577, -0.7629187259242407, -0.13292538541660873, 0.9868433615098647, -0.09203815380458488, -0.1664664573698591, 0, 0, 0, 1], "fov": 50, "aspect": 1}, {"camera_to_world": [0.46317386645492165, -0.07026741798464559, -0.8834774809823787, -1.6147831165511306, -0.8789016034655629, -0.16467110761846415, -0.447677783390432, -0.8182466920040511, -0.1140260534214038, 0.9838424245200443, -0.1380294999471485, -0.2522845357108733, 0, 0, 0, 1], "fov": 50, "aspect": 1}, {"camera_to_world": [0.4923340590397367, -0.11345237583502364, -0.8629807255824695, -1.5993947079464728, -0.8654344074419172, -0.16962782198901538, -0.4714336521960653, -0.8737257578509021, -0.09290027300882868, 0.9789560564318766, -0.18169914377958318, -0.33674987214033647, 0, 0, 0, 1], "fov": 50, "aspect": 1}, {"camera_to_world": [0.5181864012090627, -0.15499480339838542, -0.841106095877028, -1.5856678310880754, -0.8523770971908442, -0.17437705937370096, -0.4929968816825225, -0.9294062900538064, -0.07025765286793068, 0.9724038523595413, -0.22247384145065852, -0.41941155268772956, 0, 0, 0, 1], "fov": 50, "aspect": 1}, {"camera_to_world": [0.540663864191882, -0.19432238984844158, -0.8184872599867957, -1.5740178689125024, -0.8399356995763317, -0.17882968273332966, -0.5123748287637822, -0.985338655201777, -0.046803915801146824, 0.9644992241454045, -0.2599050597595056, -0.499818663382536, 0, 0, 0, 1], "fov": 50, "aspect": 1}, {"camera_to_world": [0.5598548911220088, -0.23095760767772167, -0.7957518987363758, -1.564860204356319, -0.8282659851080327, -0.18287291727320037, -0.5296536170375968, -1.0415732198838286, -0.023193938858753826, 0.9556233984074338, -0.2936766276305344, -0.5775202902542393, 0, 0, 0, 1], "fov": 50, "aspect": 1}], "fps": 24, "seconds": 4, "smoothness_value": 0.5, "is_cycle": false, "crop": null}